0.000000000000000000e+00 -1.045753134323308072e-05 -1.045861139412219948e-05 -2.403671953949787791e-08
1.000000000000000056e-01 -2.207932787429149346e-06 -2.208087765374311126e-06 -6.576281552736083947e-07
2.000000000000000111e-01 -2.072957002529708973e-06 -2.072994497678327003e-06 -8.558640992967887329e-07
2.999999999999999889e-01 9.644525573104693338e-06 9.645815641872903373e-06 -8.114656019429737788e-08
4.000000000000000222e-01 -3.239605116916455133e-06 -3.239516364913349412e-06 1.950605941714842406e-07
5.000000000000000000e-01 3.406231898088603436e-06 3.406966556261778889e-06 -4.804911460245467745e-08
5.999999999999999778e-01 -8.176995890852537747e-06 -8.177419422992164618e-06 -1.488998871991954183e-07
6.999999999999999556e-01 -4.878520822249292281e-06 -4.878624151866254894e-06 8.706209068969562230e-08
8.000000000000000444e-01 1.636865462032439266e-06 1.637396378948821930e-06 2.307099996467155073e-07
9.000000000000000222e-01 -1.858853412333830009e-05 -1.859002718871407910e-05 2.660573148376490255e-07
1.000000000000000000e+00 3.542052569745567014e-06 3.542756737039749420e-06 2.768707877924994968e-07
1.100000000000000089e+00 -2.520156727885925175e-06 -2.520095288436321574e-06 2.764664476655791297e-07
1.199999999999999956e+00 -6.899366581667840763e-06 -6.899688737739929333e-06 1.337285506435174012e-07
1.300000000000000044e+00 -1.544398161041852984e-05 -1.544512749228611580e-05 1.059904434202529917e-07
1.399999999999999911e+00 2.331221641065324726e-06 2.331783448876657024e-06 6.052658796090643606e-08
1.500000000000000000e+00 -1.790102270684834394e-06 -1.789914269573955235e-06 -4.332424235579718947e-09
1.600000000000000089e+00 9.211385354734918435e-06 9.212613062261779611e-06 -3.248969620983187624e-08
1.699999999999999956e+00 -4.809455896800417723e-06 -4.809625462415601703e-06 -5.051591709372306786e-08
1.800000000000000044e+00 -2.369929220275376840e-05 -2.370133017618742866e-05 3.154981303055295939e-08
1.899999999999999911e+00 1.185399647824592465e-05 1.185550583071968282e-05 1.428356098175192725e-08
2.000000000000000000e+00 -1.248869184053973491e-05 -1.248963110933924930e-05 1.062887092682047337e-07
2.100000000000000089e+00 -5.119903590359870835e-06 -5.120074601883263923e-06 1.013251307419914625e-07
2.200000000000000178e+00 3.436469552404688760e-06 3.437176953041103156e-06 6.459729999271811964e-08
2.299999999999999822e+00 -4.358133349463947130e-05 -4.358533266066665600e-05 8.675126582067758542e-08
2.399999999999999911e+00 -5.895346421435675479e-06 -5.895632255810534026e-06 1.291538989864642685e-08
2.500000000000000000e+00 -1.377980265900528230e-05 -1.378087576058537495e-05 -7.802177034036116627e-08
2.600000000000000089e+00 3.773761727199164501e-06 3.774458853773767303e-06 -6.428077812599299477e-08
2.700000000000000178e+00 -2.032204017846742523e-05 -2.032375225517161506e-05 -2.063387612319968836e-07
2.799999999999999822e+00 8.506612042338259497e-06 8.507715054991566900e-06 -1.861119726773124761e-07
2.899999999999999911e+00 -6.236183157920287214e-06 -6.236515984947630696e-06 -1.873781016175927863e-07
3.000000000000000000e+00 -3.478149799352921054e-05 -3.478465227654128976e-05 -1.140917603677594477e-07
3.100000000000000089e+00 1.219535640531265423e-04 1.219660418892505089e-04 -1.082812605212230265e-07
3.200000000000000178e+00 -5.402193469472319600e-06 -5.402414637124252731e-06 -4.923699609410504759e-08
3.299999999999999822e+00 -4.201088262469146438e-06 -4.201191437572552628e-06 1.628643715787781067e-08
3.399999999999999911e+00 1.531163155166660123e-05 1.531345519800625567e-05 1.686411011728970106e-08
3.500000000000000000e+00 -2.095106080526356113e-06 -2.095024947551466545e-06 -2.486753493762757086e-10
3.600000000000000089e+00 -1.244761239881668393e-04 -1.244882612795857675e-04 -2.051771718218144568e-08
3.700000000000000178e+00 1.808770643314080524e-06 1.809305447753856935e-06 -9.150780844919474684e-08
3.799999999999999822e+00 1.675402450114276217e-05 1.675600858151433774e-05 -1.176890113438470587e-07
3.899999999999999911e+00 4.131901612767803721e-06 4.132595580953214133e-06 -1.570497166313155417e-07
4.000000000000000000e+00 -5.200797370952098728e-06 -5.201026296810986974e-06 -1.360964800321537386e-07
4.099999999999999645e+00 1.630533443980357642e-05 1.630722676385112338e-05 -1.119778541187008265e-07
4.200000000000000178e+00 -8.584195857099621681e-06 -8.584790315867907304e-06 -1.579037299463039699e-07
4.299999999999999822e+00 -1.652767623931932809e-06 -1.652652298593492524e-06 -3.086078257489599589e-08
4.400000000000000355e+00 -5.540064934155502302e-06 -5.540333045779237742e-06 2.113808511092272089e-08
4.500000000000000000e+00 -4.104722948088903180e-07 -4.102315008880737877e-07 -2.741158810142191051e-08
4.599999999999999645e+00 -9.068042382616328748e-07 -9.066004139934429573e-07 -1.231779664910983493e-08
4.700000000000000178e+00 -1.871828047801834008e-06 -1.871737322363299714e-06 4.061167135531046008e-08
4.799999999999999822e+00 -1.249256902285962124e-06 -1.249122732350484990e-06 -5.362721627799418214e-09
4.900000000000000355e+00 -3.842841908658855106e-06 -3.842942320601314908e-06 -9.197189060163830018e-08
5.000000000000000000e+00 3.478675659018190186e-06 3.479298900719574937e-06 -1.490138384372545355e-07
5.099999999999999645e+00 2.671859946141970306e-06 2.672421893387348308e-06 -5.923412301577067721e-08
5.200000000000000178e+00 -1.323264354842426710e-05 -1.323363557587129600e-05 -1.037721441239753592e-07
5.299999999999999822e+00 4.802219706748127097e-06 4.802996627470921680e-06 -1.679152458550461110e-07
5.400000000000000355e+00 6.095507918330180693e-06 6.096408535668382608e-06 -8.474242587195425654e-08
5.500000000000000000e+00 3.473738160725705455e-06 3.474393418035897027e-06 -6.955694195462949424e-08
5.599999999999999645e+00 -2.783283820545640267e-06 -2.783218782490659120e-06 2.308615533032749911e-08
5.700000000000000178e+00 1.702774679477548043e-06 1.703266087107216555e-06 6.396007594230109772e-09
5.799999999999999822e+00 -5.682913930642586053e-06 -5.683224906233476579e-06 -6.339967189034826296e-08
5.900000000000000355e+00 2.602834424716723945e-06 2.603363078334606424e-06 3.720511850159072889e-08
6.000000000000000000e+00 -1.121827572255871695e-05 -1.121911728473284813e-05 7.696574198197861264e-08
6.099999999999999645e+00 3.378483544115057938e-06 3.379109508488485327e-06 -2.348097459800399876e-07
6.200000000000000178e+00 2.570017564828456727e-05 2.570302888591125570e-05 2.902562221863483070e-08
6.299999999999999822e+00 1.658458199579748788e-05 1.658652818823408656e-05 -1.052634461109688443e-07
6.400000000000000355e+00 -2.075419831463870253e-05 -2.075597149985847217e-05 -2.200483736334255474e-07
6.500000000000000000e+00 -6.314135846983717852e-06 -6.314477461615237023e-06 -1.397599038929418891e-07
6.599999999999999645e+00 -2.971165729748800454e-05 -2.971431947389188087e-05 -9.196638524259105474e-08
6.700000000000000178e+00 4.124175268700458881e-06 4.124901072392633403e-06 5.460765076028231032e-08
6.799999999999999822e+00 -4.122689261129202428e-06 -4.122826263567485628e-06 -2.995444013588263574e-06
6.900000000000000355e+00 2.707118709622369197e-05 2.707413952807261013e-05 6.441768454318240987e-08
7.000000000000000000e+00 3.680712746295894275e-07 3.684029579238249771e-07 2.762538624729219291e-07
7.099999999999999645e+00 2.793158900660044862e-05 2.793471319499263682e-05 -5.938918672289916672e-08
7.200000000000000178e+00 -7.884995738265010665e-06 -7.885451258655552827e-06 -1.019540561725701572e-07
7.299999999999999822e+00 -2.000485869292144666e-06 -2.000358212986206786e-06 6.340619369065932200e-10
7.400000000000000355e+00 7.417807301952810274e-07 7.421911334817611966e-07 1.014298243557666219e-07
7.500000000000000000e+00 1.370860419238606394e-06 1.371318670193284944e-06 -2.572257927028393157e-07
7.599999999999999645e+00 2.463864789098142802e-05 2.464141920488462838e-05 -8.268152886875695137e-07
7.700000000000000178e+00 -8.058798638160334193e-06 -8.059363161395289058e-06 -3.143090359365203438e-07
7.799999999999999822e+00 -3.832991237442898130e-06 -3.833123180777022712e-06 -3.176828762090515696e-07
7.900000000000000355e+00 1.280316329987813900e-05 1.280471063252039842e-05 7.407485047708781379e-06
8.000000000000000000e+00 -1.637197433601477753e-07 -1.634521721168792858e-07 1.085790364904908730e-07
8.099999999999999645e+00 -1.540898087688992570e-06 -1.540741369472469427e-06 -8.211942504732042418e-07
8.199999999999999289e+00 -1.801374998779968440e-06 -1.801193610468109704e-06 -1.832003560410644488e-08
8.300000000000000711e+00 -7.194225053851667715e-06 -7.194614658577467389e-06 2.748376071801581304e-07
8.400000000000000355e+00 -3.811655836409083094e-07 -3.808954710294564823e-07 -2.426528982942783534e-07
8.500000000000000000e+00 -4.638976100383226597e-06 -4.639152000883654346e-06 -5.267868725417252581e-08
8.599999999999999645e+00 -1.418022958726343713e-04 -1.418161442729585012e-04 4.073292986358899506e-07
8.699999999999999289e+00 -1.114856882143261525e-07 -1.111751887004243637e-07 -5.209187382602141958e-07
8.800000000000000711e+00 -6.348674499053496714e-06 -6.349025283962059205e-06 -4.500672451732468959e-08
8.900000000000000355e+00 -1.561167015789385017e-06 -1.561061782722013461e-06 3.305060858476232752e-07
9.000000000000000000e+00 -2.712333002068379619e-06 -2.712331740874706573e-06 1.337540613458219306e-07
9.099999999999999645e+00 2.881278805249711172e-06 2.881879621860117459e-06 1.497414124934833038e-07
9.199999999999999289e+00 6.770392914925091196e-06 6.771370622460120610e-06 -1.475707749546317362e-06
9.300000000000000711e+00 -8.616332010994789224e-06 -8.616872704234211083e-06 -1.646678738390361010e-07
9.400000000000000355e+00 -2.571594611425062002e-06 -2.571512229167123056e-06 -6.558619777444797793e-07
9.500000000000000000e+00 -4.089702915850521009e-07 -4.086971644398559868e-07 2.786820947646929047e-07
9.599999999999999645e+00 -4.518974799202551005e-06 -4.519119911279218884e-06 1.278067613969221505e-06
9.699999999999999289e+00 -3.692305079445770672e-06 -3.692412197538116315e-06 -2.911010064003200764e-06
9.800000000000000711e+00 1.144834039745901398e-05 1.144977733056230767e-05 2.401948877325624017e-07
9.900000000000000355e+00 -5.147508367754982297e-06 -5.147738327594361831e-06 -1.402207297159315459e-06
1.000000000000000000e+01 2.350769151013362639e-05 2.351034978715970669e-05 3.111027390538629403e-07
1.009999999999999964e+01 2.239642521261915733e-05 2.239892874618451326e-05 5.423650713005158738e-07
1.019999999999999929e+01 -1.805241012147910124e-05 -1.805390615482575054e-05 -7.793377156461706154e-05
1.030000000000000071e+01 3.052749438763230461e-06 3.053362147555164318e-06 -3.690208840362659838e-06
1.040000000000000036e+01 -1.105952656144337670e-06 -1.105740670886498961e-06 6.828327668173460817e-06
1.050000000000000000e+01 1.504721401761804059e-06 1.505196977976264074e-06 1.239803800175972569e-05
1.059999999999999964e+01 -3.209189337428074658e-06 -3.209190506651424017e-06 1.949228766843862147e-07
1.069999999999999929e+01 5.530038513552269549e-06 5.530891245495860035e-06 -1.872347652188302531e-06
1.080000000000000071e+01 5.705762237862546133e-06 5.706625500520813761e-06 -9.352950761422594973e-07
1.090000000000000036e+01 -5.200767311828189788e-06 -5.201041295073642980e-06 -4.826314217299845158e-08
1.100000000000000000e+01 -1.288347709464948761e-05 -1.288452961693848446e-05 1.780107314542430126e-07
1.109999999999999964e+01 5.875342945812248404e-06 5.876210023892704327e-06 -6.264527918328712058e-07
1.119999999999999929e+01 -2.240875478558901343e-06 -2.240795982121049727e-06 1.236557847110039984e-06
1.130000000000000071e+01 3.296404826610507295e-06 3.296998009457696185e-06 4.690252460093993907e-08
1.140000000000000036e+01 -2.925207183247662983e-05 -2.925470359185297704e-05 6.802597069438194022e-08
1.150000000000000000e+01 -5.697501233075541578e-06 -5.697743796727876314e-06 4.137034662584900925e-06
1.159999999999999964e+01 1.186955018270402981e-05 1.187099985628433185e-05 1.157049936381939604e-07
1.169999999999999929e+01 -1.430017628584663500e-05 -1.430132119991703695e-05 -2.840040445671714900e-06
1.180000000000000071e+01 -1.820785743087456886e-05 -1.820938924574610340e-05 5.656193304716909663e-08
1.190000000000000036e+01 7.175246993637100102e-06 7.176246934530487632e-06 1.604502321903248409e-07
1.200000000000000000e+01 -6.532426337550711656e-06 -6.532820913554314771e-06 3.561483108234937760e-07
1.209999999999999964e+01 -2.756641037210118060e-06 -2.756664197478973673e-06 5.122138998275040344e-07
1.219999999999999929e+01 -9.629828517661116527e-06 -9.630515309598575212e-06 1.738390720655621192e-07
1.230000000000000071e+01 3.668659183910142978e-04 3.669028879438065408e-04 -4.413710240008679025e-05
1.240000000000000036e+01 4.052974505433665243e-07 4.056595484179583450e-07 -1.926034020814804210e-06
1.250000000000000000e+01 4.593570452081102574e-07 4.596960751299031663e-07 -1.022784399661125971e-06
1.259999999999999964e+01 2.619466776949981591e-06 2.619982644130313949e-06 5.720141399694501391e-06
1.269999999999999929e+01 -1.587157006798167874e-05 -1.587288903664790200e-05 -4.117429772430128053e-07
1.280000000000000071e+01 -5.143297893903005134e-06 -5.143576940717463133e-06 -1.591615320985295483e-07
1.290000000000000036e+01 -2.743233582136076165e-06 -2.743276369464748974e-06 -8.528568395957298886e-08
1.300000000000000000e+01 -2.676999713919269579e-07 -2.674491056300423351e-07 3.359850976771477661e-07
1.309999999999999964e+01 -5.448177764582837449e-06 -5.448433106565519670e-06 -2.736166634815041931e-07
1.319999999999999929e+01 4.188139009397837954e-06 4.188842313556527003e-06 -1.889111451474330591e-06
1.330000000000000071e+01 -1.781146442203442592e-06 -1.781026514291766654e-06 -3.426730761464328044e-07
1.340000000000000036e+01 3.713072823902288147e-06 3.713739299808047891e-06 -3.587471060390625558e-07
1.350000000000000000e+01 -1.333275056319184109e-05 -1.333379074823868884e-05 2.968946602839851830e-07
1.359999999999999964e+01 2.356052598589659678e-05 2.356317922620291077e-05 -1.067411707008113251e-05
1.369999999999999929e+01 -3.944358477058882261e-06 -3.944512478774669061e-06 -8.693777517844584556e-07
1.380000000000000071e+01 4.817540822745098563e-06 4.818256153088181816e-06 -3.346501090714755192e-06
1.390000000000000036e+01 -2.268777722187686896e-05 -2.268980824091978486e-05 -1.248275746035787100e-05
1.400000000000000000e+01 1.228597691932816471e-05 1.228747401020424256e-05 1.336410026039530630e-02
1.409999999999999964e+01 -1.261604949891849011e-06 -1.261431776133353873e-06 5.735485098846025529e-07
1.419999999999999929e+01 -6.178851916519691028e-07 -6.176598324457752415e-07 1.781467119337837829e-08
1.430000000000000071e+01 7.686163155544759561e-06 7.687182423742095033e-06 -1.374069432616439900e-07
1.440000000000000036e+01 5.834470169985854338e-06 5.835344778683541474e-06 -3.134548049515487136e-07
1.450000000000000000e+01 -2.132764062492559242e-05 -2.132945530309523938e-05 3.049584130530458004e-06
1.459999999999999964e+01 -2.384722163360752861e-06 -2.384665005559598899e-06 -2.089473819230408703e-07
1.469999999999999929e+01 4.494047234132277270e-05 4.494520754029903082e-05 1.205203046024439265e-05
1.480000000000000071e+01 -2.514071971669146991e-06 -2.514040751329380305e-06 -5.343877238902209949e-07
1.490000000000000036e+01 -3.944418955242079608e-06 -3.944546951787927675e-06 -9.500808831213347383e-07
1.500000000000000000e+01 7.804487939205342771e-07 7.807834497027095429e-07 6.311163250974954528e-06
1.509999999999999964e+01 2.246715437769905100e-06 2.247208533697040130e-06 2.101943932737823093e-07
1.519999999999999929e+01 -3.912267474055981222e-07 -3.909584678888010940e-07 -3.037291655060659701e-04
1.530000000000000071e+01 2.161011876312128705e-06 2.161520711721173414e-06 6.077989887184660647e-05
1.540000000000000036e+01 2.452819636856860349e-06 2.453366548964385844e-06 -3.464893361139803396e-05
1.550000000000000000e+01 -2.393211083867369664e-06 -2.393177578673226017e-06 -1.053849665200189493e-06
1.559999999999999964e+01 -1.297324457835715258e-05 -1.297428548768403840e-05 1.947755179147129994e-06
1.569999999999999929e+01 8.993471169849803038e-06 8.994618752202854732e-06 -1.104603487153552871e-05
1.580000000000000071e+01 -1.104393983843773914e-05 -1.104478009662757213e-05 4.474916957886192030e-03
1.590000000000000036e+01 1.635754669522148658e-06 1.636201153109103509e-06 -9.991659983437215138e-05
1.600000000000000000e+01 5.012719191084129152e-06 5.013513031589960025e-06 -3.215810647640314092e-06
1.610000000000000142e+01 -1.022652165221771841e-06 -1.022501598059522730e-06 -2.374965300964956407e-05
1.619999999999999929e+01 4.687610020092994210e-06 4.688315424732390969e-06 1.296849859494051171e-05
1.630000000000000071e+01 1.448072284866429913e-05 1.448246118219246436e-05 2.198898898693628771e-05
1.639999999999999858e+01 -1.499756900892070492e-06 -1.499590970816330406e-06 2.520366717173655043e-05
1.650000000000000000e+01 -7.385133556224516450e-07 -7.382587594491199430e-07 -4.078739711064622691e-05
1.660000000000000142e+01 1.039308272086501934e-05 1.039442551612056305e-05 -1.198251609542232149e-04
1.669999999999999929e+01 -9.046027488583201724e-06 -9.046683034517369632e-06 -1.877225019042074285e-03
1.680000000000000071e+01 -7.336874103611771009e-06 -7.337392389822542330e-06 -8.887603746972677285e-03
1.689999999999999858e+01 6.425619860535889777e-07 6.428895811539425442e-07 -6.429260075935845295e-03
1.700000000000000000e+01 2.258100712222885781e-06 2.258585302271883714e-06 -5.215558673204741952e-02
1.710000000000000142e+01 4.226077347722734422e-06 4.226786727235783212e-06 -7.793372448536454306e-03
1.719999999999999929e+01 -1.497061425736255363e-05 -1.497181199171965734e-05 4.125482759248441113e-04
1.730000000000000071e+01 -1.105475205673652284e-06 -1.105308980192046081e-06 -5.114654701838995693e-06
1.739999999999999858e+01 -2.113136883495761823e-06 -2.113060307789386689e-06 6.468559198161615372e-07
1.750000000000000000e+01 -1.483358721577420172e-06 -1.483232121374706616e-06 -5.614531727897563321e-06
1.760000000000000142e+01 -4.656118524118904843e-06 -4.656312918060131987e-06 3.985941498969575029e-05
1.769999999999999929e+01 -5.589923753493052080e-07 -5.588116051713873871e-07 -3.243654361142110035e-04
1.780000000000000071e+01 -1.340022665481750745e-05 -1.340131729762596950e-05 -1.312698443481764930e-04
1.789999999999999858e+01 4.073062777828681965e-07 4.075752996714188713e-07 1.692202041058885856e-04
1.800000000000000000e+01 -2.726033408958432060e-06 -2.726063549410714685e-06 -2.194280441302254889e-04
1.810000000000000142e+01 7.617763121786103843e-06 7.618797846186814630e-06 -2.567912373958996792e-05
1.819999999999999929e+01 -1.537215420053672651e-05 -1.537340687275246299e-05 -2.044238882394321111e-04
1.830000000000000071e+01 1.772866679245323971e-06 1.773348949085461634e-06 1.470248983130071269e-06
1.839999999999999858e+01 8.243795336040700969e-07 8.247261818772988283e-07 3.386167262981015341e-05
1.850000000000000000e+01 4.107080880475511720e-06 4.107741473306995721e-06 -8.182335909124557169e-06
1.860000000000000142e+01 -3.765578333320470325e-07 -3.763490578993217458e-07 -2.605147141582376126e-05
1.869999999999999929e+01 -2.282650066388260100e-06 -2.282632131734890603e-06 2.267566294542234942e-06
1.880000000000000071e+01 -4.920324478830269524e-06 -4.920571133280474793e-06 -7.770939225207916614e-07
1.889999999999999858e+01 2.164954566895226912e-07 2.167611277572624652e-07 -3.195964606590125437e-05
1.900000000000000000e+01 -4.026103829545671012e-06 -4.026260793108146911e-06 -2.809040150437937925e-06
1.910000000000000142e+01 1.109844574504573145e-06 1.110233456492401004e-06 -5.178210384772018235e-06
1.919999999999999929e+01 -1.012869524223980138e-05 -1.012943811528588743e-05 -7.741728416276909984e-07
1.930000000000000071e+01 6.400322455125677857e-07 6.403725283508889253e-07 -1.576871961704267798e-06
1.939999999999999858e+01 1.149638141601187481e-04 1.149756137484597587e-04 -6.171430679403106912e-07
1.950000000000000000e+01 1.219936137891749753e-05 1.220089136936568178e-05 -1.846772307325860802e-05
1.960000000000000142e+01 -6.484594992138857681e-06 -6.484974088014005458e-06 -5.120877327882635421e-06
1.969999999999999929e+01 -6.388859554864705991e-08 -6.367024738141137541e-08 1.089202139651784775e-06
1.980000000000000071e+01 9.675524567345146249e-06 9.676731658920744607e-06 -2.363980436432242568e-04
1.989999999999999858e+01 8.421948232015078289e-06 8.423055174776777603e-06 -3.441341221563460825e-04
2.000000000000000000e+01 -4.694699140236264569e-06 -4.694903786622749325e-06 -1.194754511130601861e-02
2.010000000000000142e+01 -1.229613745267335711e-06 -1.229495986162306007e-06 1.813625088917678258e-03
2.019999999999999929e+01 5.422401930684022273e-06 5.423203676040679826e-06 -2.060792926089555896e-05
2.030000000000000071e+01 -2.789608143589183350e-06 -2.789627591392269186e-06 -3.416660827418511494e-05
2.039999999999999858e+01 1.641853223114053562e-05 1.642045836281276464e-05 1.042358132583565177e-03
2.050000000000000000e+01 1.607335650692265405e-06 1.607791688788475874e-06 -2.607463280023963078e-04
2.060000000000000142e+01 -8.214588018477884590e-06 -8.215163515041915031e-06 3.600915573280695590e-03
2.069999999999999929e+01 8.756321543433911506e-06 8.757415409847892361e-06 -8.158221432840197501e-04
2.080000000000000071e+01 -2.448113372811915939e-06 -2.448146562003155658e-06 -2.096855247965650936e-05
2.089999999999999858e+01 -7.557666251179904025e-06 -7.558155684531596691e-06 -2.619109298746064439e-05
2.100000000000000000e+01 7.625244558867357844e-06 7.626289850092886868e-06 3.668336243177422024e-06
2.110000000000000142e+01 -7.850526705240765138e-06 -7.851049755237946007e-06 -1.488679821948519361e-04
2.119999999999999929e+01 -8.021211552058982229e-06 -8.021748405655241751e-06 3.917660385867028733e-05
2.130000000000000071e+01 2.151285303565721868e-07 2.154422302801436982e-07 -6.435465358575009713e-05
2.139999999999999858e+01 4.346021272415729339e-06 4.346743746340953956e-06 -1.200105652664579848e-05
2.150000000000000000e+01 3.207498460488704679e-06 3.208100891621146826e-06 -8.385799426575066273e-04
2.160000000000000142e+01 -3.972793630019618252e-05 -3.973163702151489310e-05 -1.679988247664180643e-05
2.169999999999999929e+01 -5.813246589398875444e-06 -5.813579108561084513e-06 5.588086970330106225e-05
2.180000000000000071e+01 1.885126226821861154e-07 1.887284851415558616e-07 -1.535311261832240167e-04
2.189999999999999858e+01 4.077617732375200620e-05 4.078048539374469456e-05 5.433422528849656972e-05
2.200000000000000000e+01 -8.552924413705782825e-07 -8.551475723765156325e-07 2.477957151036360931e-06
2.210000000000000142e+01 9.064407619070212878e-06 9.065587996101368820e-06 -4.081592363510255225e-05
2.219999999999999929e+01 -3.919317781258915866e-06 -3.919432091679251556e-06 -5.141273501916336723e-05
2.230000000000000071e+01 1.260338025846364092e-05 1.260493634490290570e-05 -5.291976649621371304e-06
2.239999999999999858e+01 -2.325842027421709244e-06 -2.325797914046389544e-06 3.278462444451740818e-04
2.250000000000000000e+01 -2.566172136200852504e-06 -2.566209534206976053e-06 -3.993501472628984528e-05
2.260000000000000142e+01 -1.998803905810266763e-08 -1.977039425452969575e-08 -4.098082372656632836e-04
2.269999999999999929e+01 -3.265728228435538239e-06 -3.265811670742491627e-06 -3.243968117369644047e-05
2.280000000000000071e+01 -6.273431178146984951e-06 -6.273821345375745299e-06 -4.532820737056758684e-05
2.289999999999999858e+01 7.799649402400161333e-07 7.802641627384436246e-07 -1.184366594590335122e-04
2.300000000000000000e+01 -1.658345643227160032e-05 -1.658489914733995307e-05 1.658030420416506967e-05
2.310000000000000142e+01 -4.425500041963395646e-06 -4.425720383644996710e-06 -2.610846616615479217e-05
2.319999999999999929e+01 -6.718292289385527886e-06 -6.718654201352696822e-06 -1.296133621308905894e-04
2.330000000000000071e+01 -7.040426159460635459e-07 -7.038207470143286427e-07 7.113911660451808529e-05
2.339999999999999858e+01 2.005325095080332613e-05 2.005555941429714619e-05 -1.517812914752762234e-02
2.350000000000000000e+01 -1.544566160936209574e-05 -1.544692223067741866e-05 -8.388793210646006138e-03
2.360000000000000142e+01 3.738747283927955069e-06 3.739374931853638057e-06 -1.347311281850985438e-04
2.369999999999999929e+01 -5.830000288499766696e-09 -5.607408118271478803e-09 2.534150156991903121e-05
2.380000000000000071e+01 -2.764519895630313451e-06 -2.764584345807811122e-06 3.070360286226202565e-02
2.389999999999999858e+01 -2.083180903849240326e-05 -2.083370072408144622e-05 -9.602345804355463560e-05
2.400000000000000000e+01 -4.124889560640879023e-06 -4.125051409011474681e-06 -4.142908153328564929e-05
2.410000000000000142e+01 -5.026767307325607913e-06 -5.027019960898545136e-06 -2.131075441887817694e-04
2.419999999999999929e+01 1.863000802720215959e-05 1.863215339066347646e-05 -2.894479398404127112e-04
2.430000000000000071e+01 -1.185043722539886602e-05 -1.185132898479455972e-05 3.438061884921388839e-04
2.439999999999999858e+01 2.985332154334982039e-07 2.987991808197767427e-07 -1.509834366246167120e-03
2.450000000000000000e+01 2.173032587670853414e-06 2.173526593227536168e-06 -3.764936736903111425e-03
2.460000000000000142e+01 1.261133568584386496e-07 1.264077632541888865e-07 -9.236020798592019937e-03
2.469999999999999929e+01 7.000373567736861349e-06 7.001343670392595970e-06 9.998205985345799771e-04
2.480000000000000071e+01 2.930125609444351102e-06 2.930688906224493320e-06 5.809954759894112058e-05
2.489999999999999858e+01 1.109413446167785990e-06 1.109770761934052320e-06 -1.495091736409415693e-03
2.500000000000000000e+01 -2.883257875451508803e-05 -2.883518695278006712e-05 7.401132513823308924e-05
2.510000000000000142e+01 -7.907007888584950031e-07 -7.905139514669621581e-07 -9.189967886957349367e-05
2.519999999999999929e+01 -8.028489873232460023e-06 -8.029027182522775440e-06 2.856729076132869950e-05
2.530000000000000071e+01 -3.102950339914046105e-06 -3.102996320760714332e-06 -1.696447464139844846e-04
2.539999999999999858e+01 -5.440833042313379181e-06 -5.441118582248463720e-06 -3.190283252392032542e-03
2.550000000000000000e+01 -1.368920819444966356e-05 -1.369035002377552887e-05 -9.744787280181421664e-04
2.560000000000000142e+01 -4.232229156596116479e-07 -4.229937340228004299e-07 -4.013577970308005436e-04
2.569999999999999929e+01 4.509128380711333807e-06 4.509828032047402126e-06 -8.058858372175126128e-03
2.580000000000000071e+01 4.736225719221082675e-06 4.736946329056171142e-06 -9.558435348985139940e-03
2.589999999999999858e+01 -1.071499858533688296e-06 -1.071383191814420204e-06 -4.899447409787009364e-03
2.600000000000000000e+01 -1.365762273283528293e-08 -1.341494461863649689e-08 -1.139350120875690011e-03
2.610000000000000142e+01 -2.534113096590200785e-06 -2.534136453644590382e-06 -2.464984109271547638e-02
2.619999999999999929e+01 -4.422259717238628114e-06 -4.422437631398078410e-06 1.823640115472994572e-04
2.630000000000000071e+01 -6.444159916759802670e-07 -6.442034442856458844e-07 -2.176945098077377391e-03
2.639999999999999858e+01 3.651899280814153312e-06 3.652526692450778250e-06 5.659653497776971284e-04
2.650000000000000000e+01 4.299536648185515292e-07 4.302513015806867051e-07 -1.139370547051513603e-02
2.660000000000000142e+01 1.919925266715110100e-06 1.920343562708069046e-06 -6.542620299564325462e-03
2.669999999999999929e+01 -3.917707345548375540e-06 -3.917862390455025622e-06 -1.637837198720386560e-03
2.680000000000000071e+01 -3.450534049010299065e-06 -3.450653395376575475e-06 -3.317681312890577439e-03
2.689999999999999858e+01 2.219005834830596741e-06 2.219440619379164077e-06 -4.014214129927860808e-02
2.700000000000000000e+01 -6.164901650741871157e-06 -6.165276396647087859e-06 1.411718758777110111e-04
2.710000000000000142e+01 4.143445763972515628e-08 4.169637849959821670e-08 -5.120005752002497121e-04
2.719999999999999929e+01 -1.915055603423278545e-06 -1.914982784383484955e-06 -5.801289965590599070e-03
2.730000000000000071e+01 -2.341893845250292717e-06 -2.341849669197887900e-06 -1.893434526870636445e-02
2.739999999999999858e+01 -9.920239227742514592e-06 -9.920962016280432101e-06 -2.056665924247020119e-03
2.750000000000000000e+01 4.267769443653467539e-06 4.268442410555575658e-06 -2.967542928629741776e-03
2.760000000000000142e+01 8.711143823283437295e-07 8.714233429526943819e-07 -1.239726086107032768e-03
2.769999999999999929e+01 -9.709496794237163270e-06 -9.710254741090596162e-06 -4.201724078105537334e-04
2.780000000000000071e+01 8.217228403007951184e-07 8.220179426890782405e-07 -1.029169245181416536e-03
2.789999999999999858e+01 -6.703231084048637624e-06 -6.703673810072335287e-06 -1.365500357358084220e-04
2.800000000000000000e+01 6.061569120821993507e-07 6.064429876625849638e-07 5.481538343170612064e-05
2.810000000000000142e+01 -3.489572805424020395e-06 -3.489697566707805803e-06 -7.703993195933496631e-06
2.819999999999999929e+01 -3.471081300162241572e-05 -3.471403694180158039e-05 -6.946211163261957759e-05
2.830000000000000071e+01 -5.369195603981580679e-05 -5.369707523052591485e-05 -1.248838678788620688e-04
2.839999999999999858e+01 -3.993366041670097812e-08 -3.968697622203153108e-08 3.700914260478228260e-05
2.850000000000000000e+01 -2.410839302793403390e-06 -2.410802056653045576e-06 -1.084193855555788777e-05
2.860000000000000142e+01 3.507069784180555589e-06 3.507684583761181052e-06 4.142357929696184019e-05
2.869999999999999929e+01 -1.743121826748016768e-06 -1.743070064398776889e-06 6.342466673547738308e-05
2.880000000000000071e+01 -2.068526678460298642e-06 -2.068498703361842556e-06 -9.055519924884392155e-05
2.889999999999999858e+01 -2.160619271699306837e-06 -2.160602215070544503e-06 -6.326741490480448015e-04
2.900000000000000000e+01 -3.657807421776518378e-06 -3.657940287853136540e-06 -2.294502108035815341e-04
2.910000000000000142e+01 -4.646578523469805795e-06 -4.646784013400530172e-06 6.552252308421686181e-06
2.919999999999999929e+01 4.588472662893246562e-06 4.589199258855976445e-06 -6.288133209489972682e-03
2.930000000000000071e+01 -4.730032407812540873e-06 -4.730218045708207811e-06 1.755073604688725639e-04
2.939999999999999858e+01 1.004225766161690047e-06 1.004599728046801060e-06 -5.266757629556124195e-05
2.950000000000000000e+01 1.594355955725474754e-06 1.594767738529761331e-06 -1.849225889563274627e-04
2.960000000000000142e+01 3.483466352024167226e-06 3.484043528481570360e-06 -2.332108903265347718e-04
2.969999999999999929e+01 -3.729948821002715617e-06 -3.730097336326649098e-06 -3.774214610310752042e-04
2.980000000000000071e+01 3.537710408187238416e-06 3.538302726219627604e-06 -1.393913376117021522e-03
2.989999999999999858e+01 -9.297623800985593638e-06 -9.298303148649625531e-06 1.879830873351733670e-05
3.000000000000000000e+01 -1.460433703746416016e-05 -1.460555727898899716e-05 -4.776276527951278487e-03
3.010000000000000142e+01 1.574166721946914209e-05 1.574345027611984813e-05 -2.494624283716556732e-03
3.019999999999999929e+01 -3.025468328835979983e-06 -3.025548854853058802e-06 -7.909127104903444609e-04
3.030000000000000071e+01 -5.896264362835019020e-05 -5.896830006103843003e-05 -3.625548604797660659e-04
3.039999999999999858e+01 3.628254499722404929e-07 3.630912977174727437e-07 -9.517849939366565103e-05
3.050000000000000000e+01 9.189326049202403174e-07 9.192678571224931475e-07 -4.905965985621225185e-05
3.060000000000000142e+01 -5.529401479955909629e-06 -5.529744654075182814e-06 -3.370184230491810317e-05
3.069999999999999929e+01 2.028717594725373848e-06 2.029127166110977677e-06 -2.464780862387486326e-05
3.080000000000000071e+01 1.342249148359813437e-05 1.342405043298303480e-05 -2.800182795247769564e-04
3.089999999999999858e+01 -1.919992013982197779e-06 -1.919951662198635609e-06 -2.409619831469072681e-04
3.100000000000000000e+01 -8.343987018402937162e-06 -8.344562238869576872e-06 -5.968194486859595543e-05
3.110000000000000142e+01 8.948281727943154079e-06 8.949412729458034057e-06 9.759464343613551487e-04
3.119999999999999929e+01 -1.300851229924943075e-05 -1.300959500102807734e-05 -1.467413750448877396e-02
3.130000000000000071e+01 1.706820359921002176e-06 1.707222511336731556e-06 -5.423563393188473485e-04
3.139999999999999858e+01 -6.893808809128333163e-06 -6.894290333611105240e-06 -4.707517893224603261e-03
3.150000000000000000e+01 5.192180774185067334e-06 5.192968294623825000e-06 5.022112589524545517e-04
3.160000000000000142e+01 -4.274370548288205920e-06 -4.274572442070880880e-06 -6.561995656810724561e-05
3.169999999999999929e+01 7.404444264715557814e-07 7.407766883341280243e-07 -4.757156641819767324e-05
3.180000000000000071e+01 5.007265112102883137e-06 5.008003741524022090e-06 -6.425990075176937885e-05
3.189999999999999858e+01 -4.659726980594233079e-07 -4.657554959862606788e-07 -7.215968258386533699e-05
3.200000000000000000e+01 -1.406958665595784891e-05 -1.407074043610515698e-05 2.788222821079394610e-05
3.210000000000000142e+01 -4.896608272509620115e-06 -4.896847561467487977e-06 -6.920254604527427498e-04
3.220000000000000284e+01 -3.458037853307529031e-06 -3.458144349470543129e-06 -4.343759638938113343e-03
3.229999999999999716e+01 4.042065291905201453e-06 4.042736251922446575e-06 -2.788519668472144898e-05
3.239999999999999858e+01 2.996791431271770719e-06 2.997355909283747068e-06 5.303329137838678315e-05
3.250000000000000000e+01 -4.506587825960880490e-06 -4.506794421164036164e-06 -4.576619840463233167e-05
3.260000000000000142e+01 5.006357823198752087e-06 5.007090966288184684e-06 -2.768382645384473081e-04
3.270000000000000284e+01 -6.625259243866452424e-06 -6.625729537985798795e-06 -3.806098366928522506e-05
3.279999999999999716e+01 -1.145733350818493395e-06 -1.145633142062558715e-06 -1.226229666030025306e-03
3.289999999999999858e+01 1.112103668870462470e-05 1.112236403026430115e-05 -6.281639405043388472e-04
3.300000000000000000e+01 -1.965567720567579499e-06 -1.965536537517942801e-06 -2.821459438946859665e-04
3.310000000000000142e+01 -1.271415391166785071e-06 -1.271295864861600048e-06 -3.490005566772327113e-04
3.320000000000000284e+01 -1.734832524253593963e-06 -1.734764919814904148e-06 -5.361334354525886041e-05
3.329999999999999716e+01 -4.223883990523842513e-06 -4.224046956612607471e-06 -1.167073232267894830e-04
3.339999999999999858e+01 -3.249867792798314637e-06 -3.249919895076284916e-06 -8.586194123822902353e-05
3.350000000000000000e+01 1.255490548739767134e-06 1.255865008360194228e-06 -1.529666291489676364e-04
3.360000000000000142e+01 -7.551790098701990975e-06 -7.552298968378291007e-06 -6.626079254470713595e-04
3.370000000000000284e+01 -4.775114463947640513e-05 -4.775569138338579703e-05 -3.203128709550313001e-03
3.379999999999999716e+01 8.072176095058690681e-06 8.073218856866869457e-06 -8.054896304550410364e-05
3.389999999999999858e+01 -9.022338818531434391e-06 -9.023034420554649639e-06 -1.348341910601031670e-04
3.400000000000000000e+01 4.122748956546048749e-06 4.123386456498788250e-06 -2.290467983467010530e-05
3.410000000000000142e+01 -5.735683611745269498e-06 -5.736002721892554015e-06 -1.255839824350186117e-04
3.420000000000000284e+01 -1.171197480571076600e-04 -1.171312219225180418e-04 -1.644970937831918183e-04
3.429999999999999716e+01 -7.776105448629330483e-06 -7.776654727911456796e-06 -1.697590538403831461e-04
3.439999999999999858e+01 5.236252974471066404e-06 5.237005091849362230e-06 -1.071963883196149566e-04
3.450000000000000000e+01 -8.928240334421045157e-06 -8.928875345798220980e-06 6.232623009110690624e-05
3.460000000000000142e+01 -7.197140753533407150e-06 -7.197628144599982178e-06 -1.628177931784204556e-04
3.470000000000000284e+01 -1.656676049881065007e-08 -1.638005670135640578e-08 -1.132804390533952702e-04
3.479999999999999716e+01 3.335606596428936641e-05 3.335960079637960950e-05 2.213666933399571594e-03
3.489999999999999858e+01 -1.630060386430335880e-05 -1.630199870145834329e-05 8.076171916672998186e-04
3.500000000000000000e+01 1.635233019088855508e-08 1.661484673304755886e-08 3.407331415298024690e-02
3.510000000000000142e+01 3.031742628779538151e-06 3.032264722990182255e-06 -5.755757352966613853e-04
3.520000000000000284e+01 -2.088855227790573889e-06 -2.088870474849026719e-06 -1.979070850208420251e-04
3.529999999999999716e+01 -2.392587656154904412e-06 -2.392605627858025265e-06 -4.457087511967942851e-05
3.539999999999999858e+01 1.089083410703257618e-06 1.089415858727018576e-06 -2.474423260200209014e-06
3.550000000000000000e+01 5.368985970686597391e-07 5.372033373239407108e-07 -9.025901954879648678e-03
3.560000000000000142e+01 1.272228965186640118e-06 1.272572747615432571e-06 -3.459076875590552918e-03
3.570000000000000284e+01 -1.119325233973060579e-05 -1.119412914649215045e-05 -3.190472622450300690e-03
3.579999999999999716e+01 -9.128673657089524601e-07 -9.127275259708053882e-07 4.592889064927560897e-03
3.589999999999999858e+01 -6.192815841893266966e-06 -6.193238222566561072e-06 -3.810409628161438942e-03
3.600000000000000000e+01 -5.206059844511630382e-06 -5.206360679252880856e-06 -2.921298960902083720e-03
3.610000000000000142e+01 -1.409091404041449065e-06 -1.408965156107129552e-06 -4.528530598379018005e-04
3.620000000000000284e+01 -9.344318790818223897e-05 -9.345231511152048056e-05 -4.031646252252063425e-05
3.629999999999999716e+01 4.787761186078740765e-06 4.788431805620047428e-06 -9.121296855169856732e-05
3.639999999999999858e+01 -2.954699662263713649e-06 -2.954798978484764963e-06 -1.108738093198158021e-04
3.650000000000000000e+01 -2.299157923145880976e-06 -2.299169301822923285e-06 9.495145705925817721e-05
3.660000000000000142e+01 9.244991017867272930e-07 9.248313184531787405e-07 -2.980086102622148906e-04
3.670000000000000284e+01 -3.120408995116660929e-06 -3.120484619458860009e-06 1.345923238592744886e-06
3.679999999999999716e+01 -1.561884461166719050e-06 -1.561799190048522331e-06 -8.764697501642267240e-06
3.689999999999999858e+01 -1.764921364583327902e-06 -1.764907488971431263e-06 -2.277824898943356727e-03
3.700000000000000000e+01 2.491808754767933414e-06 2.492254008275020031e-06 4.914659346118366648e-04
3.710000000000000142e+01 1.748584734973785894e-06 1.748961526937604158e-06 -1.630547724596942329e-03
3.720000000000000284e+01 -8.190052013548505545e-05 -8.190846490761403628e-05 -3.837875577204630153e-03
3.729999999999999716e+01 3.376497465378085652e-06 3.377071608088221189e-06 -1.135307106201089052e-03
3.739999999999999858e+01 -3.867540037882765135e-06 -3.867687251879916315e-06 -6.269780647233528300e-05
3.750000000000000000e+01 9.846411877735997161e-07 9.849922471077635873e-07 -7.380968344301116655e-05
3.760000000000000142e+01 -1.964238337419284082e-05 -1.964411478278402993e-05 -9.058770411429289081e-05
3.770000000000000284e+01 -1.095437835561188182e-07 -1.093386811619788035e-07 -2.004135332642684164e-04
3.779999999999999716e+01 -7.254626033219017836e-05 -7.255326986469341202e-05 -1.298063936376349630e-04
3.789999999999999858e+01 4.889873232096451499e-06 4.890583222699678586e-06 7.029771162046557901e-05
3.800000000000000000e+01 -1.215893269474947802e-06 -1.215807588019046665e-06 8.628255583800505373e-04
3.810000000000000142e+01 5.752400746468909107e-06 5.753183483614073204e-06 -1.956895014877706109e-04
3.820000000000000284e+01 1.059921674495823933e-06 1.060251133018690326e-06 5.622939724032746466e-05
3.829999999999999716e+01 -5.629292396050174407e-06 -5.629628444251809038e-06 -3.701145382632224060e-04
3.839999999999999858e+01 -2.182591056184543734e-06 -2.182560610417818608e-06 -2.225060555684907815e-04
3.850000000000000000e+01 -1.137013615326902863e-06 -1.136879011110648191e-06 -1.320919454982724011e-04
3.860000000000000142e+01 -4.111276466825126703e-05 -4.111664512392857238e-05 -6.376216912640835172e-04
3.870000000000000284e+01 1.672743754879642863e-06 1.673124738416193527e-06 2.185828917523783361e-04
3.879999999999999716e+01 -2.650940623311430274e-06 -2.650999851440683817e-06 -1.462176457655670883e-03
3.889999999999999858e+01 -4.873005954049988468e-06 -4.873294386252537116e-06 -4.465026837433732146e-04
3.900000000000000000e+01 -2.040358950174148980e-05 -2.040541761756907164e-05 3.428180459721762575e-04
3.910000000000000142e+01 3.260190084561254367e-06 3.260719438465760936e-06 -3.397775143295952809e-03
3.920000000000000284e+01 -3.928050715495445424e-06 -3.928241378929653280e-06 -4.725760893075194383e-04
3.929999999999999716e+01 -4.849632859116953218e-06 -4.849911098665748582e-06 -4.435496568562633966e-04
3.939999999999999858e+01 2.285817992875527385e-06 2.286253920384236757e-06 -6.107422328103599132e-04
3.950000000000000000e+01 8.870040878118730770e-07 8.873255794755287391e-07 -5.698361095832894476e-05
3.960000000000000142e+01 4.269418132564589140e-07 4.272293335094031897e-07 -8.983603703432423149e-03
3.970000000000000284e+01 -7.150759511889271498e-07 -7.149322410161489873e-07 -1.258311827613994339e-04
3.979999999999999716e+01 -2.731540766594845285e-06 -2.731633840719942181e-06 9.375814496976028799e-04
3.989999999999999858e+01 -2.866549927806575215e-06 -2.866627687703765756e-06 -6.935863474890059362e-04
4.000000000000000000e+01 7.934323422321594525e-08 7.960243005110423580e-08 1.833122565146808004e-03
4.010000000000000142e+01 -9.457270344723859598e-07 -9.456270357798660096e-07 -1.407176560241069681e-03
4.020000000000000284e+01 2.448068538069331679e-05 2.448332759178535253e-05 -1.753654550229461710e-03
4.029999999999999716e+01 -1.981614462717393662e-06 -1.981587068430115605e-06 -8.486632065287078074e-04
4.039999999999999858e+01 -3.473171792952369759e-06 -3.473312678662652395e-06 4.057339976855059058e-04
4.050000000000000000e+01 -1.805881583070920950e-06 -1.805837147288893189e-06 -1.894218235947338303e-03
4.060000000000000142e+01 3.598169095879324316e-06 3.598774925635853395e-06 -4.311332540112396616e-04
4.070000000000000284e+01 2.622161659633774621e-06 2.622626685732752339e-06 2.423046567118121170e-04
4.079999999999999716e+01 -2.329066010250205501e-06 -2.329097107504810095e-06 -9.016714617674764635e-05
4.089999999999999858e+01 2.292065125095182423e-06 2.292489875984401660e-06 -2.021633519685343047e-03
4.100000000000000000e+01 -8.085775673949931886e-08 -8.069340135069562719e-08 -6.182916714534128153e-03
4.110000000000000142e+01 -7.163168807118598495e-06 -7.163665893760940056e-06 2.104772198292401576e-03
4.120000000000000284e+01 -2.558259006756208867e-06 -2.558304075959851586e-06 -2.011786355184906334e-04
4.129999999999999716e+01 6.512675775411727709e-06 6.513553773708517343e-06 -8.309008457964920649e-04
4.139999999999999858e+01 -3.364071915704158380e-06 -3.364206394205345372e-06 -1.354389882375767618e-03
4.150000000000000000e+01 3.934936738879509839e-05 3.935350561594609171e-05 3.872038120427667685e-04
4.160000000000000142e+01 -3.708821320335964406e-06 -3.708971381400001388e-06 6.078081654674073934e-06
4.170000000000000284e+01 4.467438627988192082e-06 4.468087093400256233e-06 -1.921061027177575460e-03
4.179999999999999716e+01 -5.916486853857197847e-06 -5.916829637422221020e-06 -1.684627553973989467e-03
4.189999999999999858e+01 1.687683932135779916e-06 1.688040751070179530e-06 2.855653580271102858e-04
4.200000000000000000e+01 2.238772465741759904e-06 2.239180076527939359e-06 3.333182869390691021e-03
4.210000000000000142e+01 6.773584861429587126e-08 6.792092300916689674e-08 -1.177825509419872570e-03
4.220000000000000284e+01 -2.297840304159267107e-06 -2.297861395313093753e-06 -1.766273494263204808e-04
4.229999999999999716e+01 2.565286641690460980e-06 2.565753119866992373e-06 6.372497191187454510e-04
4.239999999999999858e+01 -4.426539484407103905e-06 -4.426768810313361379e-06 -2.964357743648836883e-04
4.250000000000000000e+01 -4.397616255831476586e-06 -4.397835989533946337e-06 -7.562729776843324717e-04
4.260000000000000142e+01 -1.086264781881375176e-05 -1.086349416667369407e-05 -2.100761484778999638e-04
4.270000000000000284e+01 -3.374080461043622805e-06 -3.374210063401289906e-06 -2.407033393331290761e-04
4.279999999999999716e+01 -3.134372647423321121e-07 -3.132709512320527301e-07 3.124393790829625792e-04
4.289999999999999858e+01 -4.424287451570599131e-06 -4.424520277035564712e-06 -3.446508987691098650e-04
4.300000000000000000e+01 1.432051894287440719e-05 1.432213408753595516e-05 -9.740350345940722299e-04
4.310000000000000142e+01 -1.769966054180708776e-05 -1.770122855565474076e-05 -3.111031172096791160e-05
4.320000000000000284e+01 -2.622366528020114281e-07 -2.620618579073554227e-07 2.069753190080093723e-03
4.329999999999999716e+01 3.017835349661485661e-06 3.018333916579635413e-06 -1.175947278884400052e-03
4.339999999999999858e+01 -1.944961567250806919e-06 -1.944945421296471823e-06 -1.023943624422617377e-03
4.350000000000000000e+01 -1.225668608222654440e-04 -1.225788654521969996e-04 -2.419445581446792238e-04
4.360000000000000142e+01 -1.401099448187880936e-05 -1.401215627848929226e-05 2.357949940202863290e-03
4.370000000000000284e+01 -2.790822109921010343e-06 -2.790865404125957300e-06 -2.271284726709918954e-03
4.379999999999999716e+01 1.246468363089160253e-05 1.246610635141270137e-05 6.996951620334278688e-04
4.389999999999999858e+01 -7.715954410524658043e-06 -7.716561920705108219e-06 2.142613938987296472e-04
4.400000000000000000e+01 5.171769432198275430e-06 5.172425627081280984e-06 -2.399276521387709853e-04
4.410000000000000142e+01 -4.200439952693429163e-06 -4.200679024990782490e-06 -9.094649668682874919e-04
4.420000000000000284e+01 2.040875455295086102e-05 2.041101519939655931e-05 -8.771775232408868510e-04
4.429999999999999716e+01 -4.266332501027041713e-06 -4.266530370614406772e-06 7.709480567236854601e-04
4.439999999999999858e+01 -1.301419799029985047e-06 -1.301310432419849538e-06 1.183940583789848573e-02
4.450000000000000000e+01 2.179968399754381645e-06 2.180389713630327372e-06 -1.154584019093024853e-03
4.460000000000000142e+01 -8.401731347262001541e-06 -8.402370318601128609e-06 -2.933382866452517810e-04
4.470000000000000284e+01 -8.813397493228102887e-06 -8.814050742409616941e-06 1.436266256195705988e-03
4.479999999999999716e+01 2.288564614416475595e-05 2.288817385280296447e-05 -1.226374962477156045e-03
4.489999999999999858e+01 -5.997398095027185451e-06 -5.997807248928076657e-06 2.189904104013095233e-04
4.500000000000000000e+01 -1.855742792765937763e-05 -1.855910181362069178e-05 1.017029280666642186e-04
4.510000000000000142e+01 9.360366347911433911e-06 9.361497664343632863e-06 3.863037732094408146e-04
4.520000000000000284e+01 -1.097500448859106989e-06 -1.097410633370204853e-06 3.264193197038944274e-04
4.529999999999999716e+01 -1.643687211900196882e-06 -1.643650711256371531e-06 -8.757686587988019371e-04
4.539999999999999858e+01 5.633719349299434133e-07 5.636486402052332621e-07 -4.594813155372933812e-03
4.550000000000000000e+01 -9.958136773735764885e-06 -9.958935793028885714e-06 -3.005072798604192233e-04
4.560000000000000142e+01 -2.203946655799358085e-05 -2.204143579938951016e-05 4.940270322067621680e-06
4.570000000000000284e+01 1.068475731188084694e-05 1.068603914382422834e-05 -1.623930666479204499e-03
4.579999999999999716e+01 1.668235747830209118e-06 1.668585228501880563e-06 -1.717680738169089514e-04
4.589999999999999858e+01 -2.009972809776401417e-05 -2.010157633141859666e-05 3.261281925022246967e-05
4.600000000000000000e+01 3.737982329279008625e-06 3.738525185092551118e-06 9.057843399941326468e-04
4.610000000000000142e+01 -5.650807891532189213e-06 -5.651189398917693357e-06 -1.389284200569271006e-03
4.620000000000000284e+01 -1.518094207820998726e-06 -1.518049831770569100e-06 -4.655633387827113581e-04
4.629999999999999716e+01 -6.198511907806119692e-06 -6.198938651630469258e-06 -1.673257101970771876e-04
4.639999999999999858e+01 -1.602086542733270252e-06 -1.602054186585392007e-06 4.106471457081982933e-03
4.650000000000000000e+01 1.915801575305041802e-06 1.916181849476717005e-06 -1.521542635321012672e-02
4.660000000000000142e+01 -4.291589154817541760e-06 -4.291815602810278269e-06 -2.466353190130725088e-03
4.670000000000000284e+01 1.807838049044983734e-06 1.808223305242938419e-06 1.491176832689140928e-04
4.679999999999999716e+01 -1.116497845632164851e-05 -1.116588539668846337e-05 1.643035221414896338e-03
4.689999999999999858e+01 4.689067102728292179e-07 4.691467380138411153e-07 2.484888846540618892e-05
4.700000000000000000e+01 -8.493469811878563691e-07 -8.492724111089194819e-07 -5.081462412563213541e-04
4.710000000000000142e+01 -1.014766507889585323e-07 -1.013062672240332759e-07 -1.041838593844815209e-04
4.720000000000000284e+01 -8.006425794175804530e-06 -8.007031555672008798e-06 1.111227646963003791e-03
4.729999999999999716e+01 8.506048475528236153e-06 8.507122917346299527e-06 -3.653667946603351459e-04
4.739999999999999858e+01 1.264959401055873857e-06 1.265286811997517346e-06 -3.356867701148963574e-04
4.750000000000000000e+01 -1.458966393213686387e-05 -1.459091465722462006e-05 7.310939057034843667e-03
4.760000000000000142e+01 1.478760713688999579e-04 1.478910783619190425e-04 8.135735307065888617e-04
4.770000000000000284e+01 -8.494171632798380576e-06 -8.494820387839525604e-06 -5.149812735623750855e-04
4.779999999999999716e+01 -6.555157438660189675e-06 -6.555661904281939633e-06 -3.622852510648837858e-04
4.789999999999999858e+01 3.377342888352239902e-06 3.377865031484221398e-06 -3.193534889411174418e-04
4.800000000000000000e+01 -9.526975178734043800e-06 -9.527761304468775023e-06 4.689060573022938230e-04
4.810000000000000142e+01 6.723134367152453115e-06 6.724006648567186701e-06 -8.237832550191757225e-04
4.820000000000000284e+01 -3.771150327497907895e-06 -3.771348885599549809e-06 -3.164311833761746439e-04
4.829999999999999716e+01 3.260901623555180593e-06 3.261405179769076337e-06 2.806037031304759724e-04
4.839999999999999858e+01 5.703214372271490919e-06 5.703974452349583214e-06 1.363562811913395650e-02
4.850000000000000000e+01 2.798892430855530241e-06 2.799389992576535887e-06 -1.172333481666947659e-03
4.860000000000000142e+01 -1.611781708292234519e-06 -1.611720685031672817e-06 -8.366783096014704249e-04
4.870000000000000284e+01 1.059278344704667297e-07 1.061576253385022182e-07 4.358003403680843252e-04
4.879999999999999716e+01 -2.483459475147705267e-06 -2.483510975334692918e-06 3.335049124360710184e-04
4.889999999999999858e+01 2.409755256692753198e-06 2.410184222955822010e-06 -1.353629285965223146e-03
4.900000000000000000e+01 -4.458054693487781297e-06 -4.458312909331063967e-06 -3.742159430299543178e-04
4.910000000000000142e+01 6.648789365301237150e-06 6.649658856895692324e-06 -1.042951742093596964e-04
4.920000000000000284e+01 -1.297986666001535479e-05 -1.298097605472650488e-05 3.486771697020899820e-03
4.929999999999999716e+01 -1.782440488769612430e-06 -1.782433494749987564e-06 -5.465601439446049047e-04
4.939999999999999858e+01 3.668568653788556351e-06 3.669132279412534733e-06 -3.880068635640400313e-04
4.950000000000000000e+01 -1.394933053442904973e-06 -1.394851210871746214e-06 -5.820030024263855807e-04
4.960000000000000142e+01 1.724752749503944202e-05 1.724945897248414753e-05 9.496575991659551505e-03
4.970000000000000284e+01 -1.969595853051834869e-06 -1.969588920850157436e-06 -3.000705687371677585e-03
4.979999999999999716e+01 1.277784277504578269e-06 1.278083416152779409e-06 -7.355371425582917519e-04
4.989999999999999858e+01 -4.682187393911409297e-06 -4.682480653639783121e-06 2.533950361072160218e-04
5.000000000000000000e+01 5.981582714457692787e-07 5.983756844713603382e-07 5.451233843884750914e-03
5.010000000000000142e+01 -8.132954243133740603e-06 -8.133583428416030355e-06 -8.984103362243407807e-04
5.020000000000000284e+01 2.089608290033179206e-06 2.090031122420470889e-06 -2.434930651054799345e-04
5.029999999999999716e+01 7.342637939132427135e-06 7.343615956365436428e-06 1.794866047276065545e-04
5.039999999999999858e+01 -5.399161493140873739e-07 -5.397665668444222387e-07 1.447383603549792265e-02
5.050000000000000000e+01 -3.572944024951703511e-07 -3.571210458634414477e-07 -2.560777128637582115e-04
5.060000000000000142e+01 -3.553486257469248166e-06 -3.553618592746370971e-06 -2.624720393592315081e-04
5.070000000000000284e+01 -2.311424404847415828e-06 -2.311483762690419928e-06 -5.831288814029430000e-05
5.079999999999999716e+01 -5.554472001693326437e-06 -5.554847437521884714e-06 1.145653694061653368e-03
5.089999999999999858e+01 -4.330687470299092803e-06 -4.330938918008396050e-06 -5.719394759275606838e-03
5.100000000000000000e+01 7.016761328178279895e-06 7.017635294494478215e-06 -3.125461617828263110e-04
5.110000000000000142e+01 5.949640692459846332e-07 5.951942678332084083e-07 3.936621513280878640e-05
5.120000000000000284e+01 -5.707340877750600996e-08 -5.689058634935309779e-08 2.764562235910602173e-03
5.129999999999999716e+01 -2.265799753033284402e-06 -2.265835483321871718e-06 -2.624827233210927716e-04
5.139999999999999858e+01 5.501691588286642477e-06 5.502465103318439901e-06 -4.209698285007999080e-04
5.150000000000000000e+01 -2.545532355900455498e-06 -2.545567504197850904e-06 3.491572189792486384e-04
5.160000000000000142e+01 -7.800489546447400861e-05 -7.801248549654293590e-05 8.628180015395654420e-03
5.170000000000000284e+01 -2.074344629963902942e-06 -2.074340826158365366e-06 -2.076693802398327585e-03
5.179999999999999716e+01 2.523132032619965200e-06 2.523584927988173970e-06 -1.953794487496352439e-04
5.189999999999999858e+01 -3.498601816844511725e-07 -3.497492397698824442e-07 1.489922681118843642e-04
5.200000000000000000e+01 -9.237842047601267656e-06 -9.238603354599924676e-06 -8.886186693217214012e-04
5.210000000000000142e+01 -6.709285050150331464e-06 -6.709776258885239816e-06 -5.037166569725221033e-03
5.220000000000000284e+01 1.680135032086948819e-06 1.680495722691251081e-06 -2.638448046503624571e-04
5.229999999999999716e+01 -1.218190411298028635e-06 -1.218111929932591113e-06 1.457367174096999940e-04
5.239999999999999858e+01 3.615651756639476442e-08 3.637184873134564482e-08 3.142138753271419681e-04
5.250000000000000000e+01 2.335735706228837879e-06 2.336173898393335571e-06 -4.508301922903975613e-03
5.260000000000000142e+01 -2.682306793886171165e-07 -2.680663016072476274e-07 -1.935566138806578971e-04
5.270000000000000284e+01 5.687633375249489342e-07 5.690166757406293084e-07 5.922861548224122967e-03
5.279999999999999716e+01 -7.902994094538696375e-07 -7.901903969263539473e-07 6.158439692250291522e-04
5.289999999999999858e+01 -4.073856211446937092e-07 -4.072444222516769268e-07 -7.341380664845835284e-05
5.300000000000000000e+01 -1.116742030318163771e-07 -1.115140550625268103e-07 -5.306009916129391898e-05
5.310000000000000142e+01 5.410956703689887701e-06 5.411699509665130099e-06 3.018457733885603002e-04
5.320000000000000284e+01 -1.403115820236806738e-05 -1.403237868926660932e-05 1.587022795922488289e-03
5.329999999999999716e+01 -2.410937452653438892e-06 -2.410975324333538425e-06 -7.016346346712210936e-04
5.339999999999999858e+01 1.542450122412280757e-06 1.542810828971533630e-06 -1.384172112784847245e-04
5.350000000000000000e+01 -1.363369574466370095e-06 -1.363290184812366118e-06 3.126867619568610580e-04
5.360000000000000142e+01 5.643004314747626211e-06 5.643795983430564218e-06 -3.241522749685487128e-04
5.370000000000000284e+01 -7.669970229537609212e-07 -7.668926800629473999e-07 -2.029258002077816961e-04
5.379999999999999716e+01 3.097300120834242313e-05 3.097625669902954191e-05 -2.344337330629378633e-04
5.389999999999999858e+01 1.214761304405287503e-06 1.215049510217579087e-06 3.039137822655227058e-04
5.400000000000000000e+01 -1.625273804989452154e-05 -1.625419769350905849e-05 1.745434227758596894e-04
5.410000000000000142e+01 -2.895981684763304101e-06 -2.896112841771139635e-06 -1.163695641962101280e-03
5.420000000000000284e+01 3.989375032531395791e-06 3.989972959755171986e-06 -8.173683631141449380e-05
5.429999999999999716e+01 5.582064536773554944e-06 5.582825472330399822e-06 3.577575050168021369e-04
5.439999999999999858e+01 -4.462615657771935637e-06 -4.462862748189197564e-06 6.260460088953400878e-04
5.450000000000000000e+01 2.294740403252733825e-06 2.295201747372323651e-06 -1.081186661628762884e-03
5.460000000000000142e+01 -5.822933319188124356e-06 -5.823306596789491039e-06 -1.055885400697387195e-04
5.470000000000000284e+01 -1.942346693578077428e-06 -1.942359585953056128e-06 8.116960456774074831e-04
5.479999999999999716e+01 5.385524033247987296e-06 5.386246579973087409e-06 -2.479495708688599781e-02
5.489999999999999858e+01 -8.461703738665678562e-06 -8.462381524429182244e-06 -1.135566011856551727e-03
5.500000000000000000e+01 3.052161664797692467e-05 3.052484225565840043e-05 -4.679561880006155670e-04
5.510000000000000142e+01 -3.137303645952872257e-06 -3.137438062394875774e-06 4.438383436232500273e-04
5.520000000000000284e+01 4.415873292617479222e-07 4.417856033517143100e-07 1.635974251370210346e-03
5.529999999999999716e+01 6.392405177390822298e-06 6.393214347924265091e-06 -4.951124462398913103e-04
5.539999999999999858e+01 -1.464061609275852011e-06 -1.464030269117823644e-06 -2.312650168626334166e-04
5.550000000000000000e+01 -3.076133856630709695e-06 -3.076214131587234382e-06 4.404545850808896696e-04
5.560000000000000142e+01 -6.219398699314678409e-06 -6.219825236740627610e-06 -3.888130559485630626e-04
5.570000000000000284e+01 2.945313778562390103e-05 2.945626422250441782e-05 -3.430376789659323887e-04
5.579999999999999716e+01 3.315516213063738918e-06 3.316009845079995617e-06 -8.081330505921177848e-05
5.589999999999999858e+01 -6.086213651092151858e-05 -6.086807003135057196e-05 1.648000213143486635e-04
5.600000000000000000e+01 5.497415461627920083e-06 5.498126434221693822e-06 1.485882851222154397e-02
5.610000000000000142e+01 -1.589672763503995599e-06 -1.589663733477888416e-06 -5.508823296112077281e-04
5.620000000000000284e+01 -9.063291039484334610e-06 -9.063989324955016709e-06 3.306159427160334965e-05
5.629999999999999716e+01 -1.010317363113647549e-06 -1.010198640694106042e-06 1.095342687886136958e-03
5.639999999999999858e+01 1.111386528112119534e-06 1.111713225610849132e-06 -8.594815583558058220e-03
5.650000000000000000e+01 -8.012233655903369033e-06 -8.012843319990099226e-06 -5.655695427827550810e-04
5.660000000000000142e+01 -5.266067888131686995e-07 -5.264782746572504765e-07 -8.160698110717854673e-04
5.670000000000000284e+01 5.990984811760243375e-06 5.991768856009007836e-06 3.955525110313799428e-03
5.679999999999999716e+01 -6.590811101154292555e-07 -6.589839157516486226e-07 4.790051884500432346e-04
5.689999999999999858e+01 -4.298231214959035828e-05 -4.298644822872281962e-05 -1.510511740701387566e-04
5.700000000000000000e+01 -2.158987347772088263e-06 -2.159044803029231949e-06 -1.043132517687336711e-04
5.710000000000000142e+01 -1.376432448194796100e-05 -1.376551431531319054e-05 1.816516057076128770e-03
5.720000000000000284e+01 4.295649648836098283e-06 4.296263817353313735e-06 1.219492332453402973e-02
5.729999999999999716e+01 1.860761283811696734e-06 1.861137085966697330e-06 -9.710297180749828195e-04
5.739999999999999858e+01 -2.373837105745797542e-05 -2.374053338112125936e-05 3.637442250105871677e-05
5.750000000000000000e+01 9.782121628061416676e-07 9.785248443602392468e-07 3.860828156319448881e-03
5.760000000000000142e+01 -1.980637034200769699e-06 -1.980630694211782269e-06 -6.556340254982181981e-03
5.770000000000000284e+01 1.605580317022768239e-06 1.605923576580850433e-06 -7.252927710053623045e-04
5.779999999999999716e+01 2.954521266792634720e-08 2.969723481972190477e-08 -4.170511139227847956e-05
5.789999999999999858e+01 2.983673823227530341e-06 2.984109070361766097e-06 2.927909221688912368e-04
5.800000000000000000e+01 -3.301310513225274309e-06 -3.301459197121065330e-06 -8.424328896080501491e-03
5.810000000000000142e+01 1.046064808562068806e-05 1.046188727614982716e-05 -1.572169246380349821e-04
5.820000000000000284e+01 -4.608265213560847947e-06 -4.608531293317982858e-06 -2.645740754962643015e-04
5.829999999999999716e+01 1.040628493690316518e-05 1.040749854600368661e-05 5.029251400208699721e-03
5.839999999999999858e+01 -3.754712707190145724e-07 -3.753035374630006479e-07 1.739265421993209729e-03
5.850000000000000000e+01 1.246057944783701197e-05 1.246203553084683495e-05 -2.311600111631928228e-04
5.860000000000000142e+01 -1.023491027621853159e-05 -1.023575218766845193e-05 -1.408759078145715689e-03
5.870000000000000284e+01 -2.049159126621083487e-06 -2.049192632364614821e-06 1.899884737343437568e-04
5.879999999999999716e+01 -3.454816577165335577e-06 -3.455004487560873274e-06 -6.283075548229154076e-04
5.889999999999999858e+01 7.545423581262197875e-06 7.546313395477650833e-06 -5.963268053421291346e-04
5.900000000000000000e+01 -1.225788941100396561e-05 -1.225895790974847088e-05 -1.291999929047598836e-04
5.910000000000000142e+01 -2.015372494848621907e-05 -2.015557143976188246e-05 1.765201199772844631e-03
5.920000000000000284e+01 1.609376279753739710e-06 1.609740121613997219e-06 -5.076799399765227857e-07
5.929999999999999716e+01 4.885454990663240831e-06 4.886179121225903558e-06 -1.003605308118875761e-03
5.939999999999999858e+01 -2.741424988804280371e-06 -2.741503478331006971e-06 -5.888395355454427004e-04
5.950000000000000000e+01 1.359652801274368661e-06 1.359963674632031259e-06 6.454228693236391040e-04
5.960000000000000142e+01 -1.801331232822900363e-06 -1.801294888594851653e-06 9.329739223229292127e-04
5.970000000000000284e+01 8.861505997037262286e-07 8.864251007163284482e-07 -8.180655393929026119e-04
5.979999999999999716e+01 1.400139483628780846e-06 1.400450890695228466e-06 1.890816310229784594e-03
5.989999999999999858e+01 -4.505809155531786327e-06 -4.506101626625587736e-06 4.835810469971413630e-03
6.000000000000000000e+01 -8.146338845681418339e-07 -8.145342096081547242e-07 -4.288446168462636647e-03
6.010000000000000142e+01 -1.067313018333179704e-06 -1.067249382074027198e-06 -3.936974743536421763e-04
6.020000000000000284e+01 1.940848589557250359e-06 1.941228096511042083e-06 -1.722665071293725061e-04
6.029999999999999716e+01 -3.789210684665236675e-06 -3.789407326817018954e-06 2.305027085399554906e-03
6.039999999999999858e+01 1.714986654915563159e-08 1.732976257150139196e-08 2.313803251090647967e-02
6.050000000000000000e+01 -5.539171583972456703e-06 -5.539547580759012121e-06 -4.617226025088657379e-04
6.060000000000000142e+01 1.347575350885053471e-06 1.347866019740496449e-06 2.829661206542132598e-03
6.070000000000000284e+01 2.989269236056897440e-06 2.989719828268153133e-06 -4.214141568407070351e-04
6.079999999999999716e+01 -4.734757724821398689e-06 -4.735058854785486496e-06 -1.361616744700411318e-03
6.089999999999999858e+01 1.376897678272330564e-06 1.377187232487277915e-06 -5.431107240761276923e-04
6.100000000000000000e+01 -1.780213642653005288e-05 -1.780376436009105181e-05 2.260137895791704981e-04
6.110000000000000142e+01 -1.592327205845822422e-06 -1.592313952479658649e-06 3.949943683070396283e-03
6.120000000000000284e+01 -9.108384481720136017e-07 -9.107370122245961080e-07 -1.819453121702735736e-03
6.129999999999999716e+01 8.755887338505868102e-07 8.758826073177231828e-07 -3.191970906898799359e-04
6.139999999999999858e+01 -8.770375016090141169e-06 -8.771062467494806242e-06 -7.056406370385963529e-05
6.150000000000000000e+01 -2.582112486302598282e-06 -2.582176979728347172e-06 2.706167821234645166e-04
6.160000000000000142e+01 -8.429676775809165575e-07 -8.428848545715073370e-07 -1.203461538213180387e-02
6.170000000000000284e+01 3.007351211881373296e-06 3.007837165309637823e-06 -9.506829485660185956e-04
6.179999999999999716e+01 -5.689286427681964749e-06 -5.689691638441364598e-06 1.869837341400713954e-05
6.189999999999999858e+01 1.539808034381741640e-06 1.540091918585662711e-06 5.298557071834707199e-03
6.200000000000000000e+01 8.256196062405482026e-07 8.258472453531883458e-07 -1.030641650438669787e-02
6.210000000000000142e+01 -9.894314376563211610e-07 -9.893638910166503311e-07 -8.611774163182551230e-04
6.220000000000000284e+01 -2.695642982978215832e-06 -2.695719053223585629e-06 4.169011967535171637e-05
6.229999999999999716e+01 -1.376712543607151851e-07 -1.374673167256899495e-07 2.191837794722263991e-03
6.239999999999999858e+01 -9.660432402680275757e-07 -9.659377395643445252e-07 -9.694096455506012169e-04
6.250000000000000000e+01 -3.786518047632437584e-06 -3.786702040151128765e-06 -1.506840971212248604e-03
6.260000000000000142e+01 1.119856482826875648e-05 1.119988202640891864e-05 4.670306401685197627e-04
6.270000000000000284e+01 -3.436853357964143903e-06 -3.437028564839225995e-06 1.843784716085094492e-04
6.279999999999999716e+01 9.545165453476869852e-06 9.546270747402902504e-06 -1.530652847279075643e-03
6.289999999999999858e+01 1.554080908016133663e-07 1.555867711094947764e-07 -2.450013121441033245e-04
6.300000000000000000e+01 6.258021220916807659e-06 6.258794226080879073e-06 -3.871934175769738444e-05
6.310000000000000142e+01 2.116877032476434560e-06 2.117247167415331518e-06 3.100597401179548858e-03
6.320000000000000284e+01 -1.522406290564762791e-06 -1.522396356754033749e-06 -6.762566646050149378e-03
6.329999999999999716e+01 -1.338129850365658974e-05 -1.338244955229806173e-05 -2.185635188047893183e-04
6.339999999999999858e+01 -1.704030790569379147e-06 -1.703986191979912830e-06 4.816655602619327251e-03
6.350000000000000000e+01 -1.018832221620242822e-06 -1.018712290841119589e-06 -3.673609433568793270e-03
6.360000000000000142e+01 3.425316119098639713e-06 3.425850829955397609e-06 -2.854447259412459369e-03
6.370000000000000284e+01 2.661776205091746004e-06 2.662200375944964236e-06 -7.741938656016841402e-04
6.379999999999999716e+01 1.998930877943513095e-05 1.999148178174204641e-05 9.844419031331943311e-05
6.389999999999999858e+01 -1.085883242868440263e-06 -1.085815401807370111e-06 -5.438934542343888635e-04
6.400000000000000000e+01 -5.538785030112556417e-08 -5.521205688567578442e-08 -2.208304857444758768e-03
6.409999999999999432e+01 -9.078042113328265006e-06 -9.078766944466597157e-06 -1.941800684499370036e-04
